"customer_id","customer_name","city","total_orders","ot_pct","if_pct","otif_pct","ot_target","if_target","otif_target","ot_gap","if_gap","otif_gap"
789601,"Info Stores","Surat",827,70.74,19.35,9.43,92,67,62,-21.26,-47.65,-52.57
789103,"Vijay Stores","Vadodara",815,74.97,17.91,10.55,92,67,62,-17.03,-49.09,-51.45
789903,"Elite Mart","Vadodara",813,72.20,16.61,9.72,92,65,60,-19.80,-48.39,-50.28
789702,"Sorefoz Mart","Ahmedabad",832,71.63,17.67,10.70,89,66,59,-17.37,-48.33,-48.30
789422,"Lotus Mart","Vadodara",1168,27.83,67.29,19.69,79,81,64,-51.17,-13.71,-44.31
789520,"Acclaimed Stores","Surat",1126,29.84,22.38,6.93,75,68,51,-45.16,-45.62,-44.07
789421,"Lotus Mart","Ahmedabad",1179,28.33,23.83,7.97,78,66,51,-49.67,-42.17,-43.03
789521,"Acclaimed Stores","Ahmedabad",1194,29.40,66.08,19.10,78,79,62,-48.60,-12.92,-42.90
789122,"Coolblue","Vadodara",1218,28.65,22.25,7.14,76,65,49,-47.35,-42.75,-41.86
789522,"Acclaimed Stores","Vadodara",1190,29.08,66.97,19.92,76,79,60,-46.92,-12.03,-40.08
789121,"Coolblue","Ahmedabad",1219,29.61,67.19,20.34,78,77,60,-48.39,-9.81,-39.66
789420,"Lotus Mart","Surat",1203,28.18,68.74,21.28,75,79,59,-46.82,-10.26,-37.72
789102,"Vijay Stores","Ahmedabad",832,69.83,58.29,35.94,90,81,73,-20.17,-22.71,-37.06
789621,"Expert Mart","Ahmedabad",820,73.05,59.15,38.29,92,81,75,-18.95,-21.85,-36.71
789320,"Chiptec Stores","Surat",830,70.84,60.48,38.92,91,81,74,-20.16,-20.52,-35.08
789501,"Viveks Stores","Surat",814,71.01,59.83,39.56,92,80,74,-20.99,-20.17,-34.44
789902,"Elite Mart","Ahmedabad",824,72.69,58.98,38.83,90,81,73,-17.31,-22.02,-34.17
789301,"Expression Stores","Surat",842,69.36,58.19,35.27,89,78,69,-19.64,-19.81,-33.73
789203,"Rel Fresh","Vadodara",830,71.33,58.43,36.99,92,76,70,-20.67,-17.57,-33.01
789201,"Rel Fresh","Surat",784,72.58,56.89,37.12,87,81,70,-14.42,-24.11,-32.88
789503,"Viveks Stores","Vadodara",819,70.21,60.32,39.32,86,82,71,-15.79,-21.68,-31.68
789321,"Chiptec Stores","Ahmedabad",812,72.41,60.22,38.55,87,81,70,-14.59,-20.78,-31.45
789622,"Expert Mart","Vadodara",837,72.04,60.45,39.90,90,79,71,-17.96,-18.55,-31.10
789101,"Vijay Stores","Surat",821,72.59,58.34,38.12,86,80,69,-13.41,-21.66,-30.88
789402,"Propel Mart","Ahmedabad",823,74.00,59.17,40.70,89,80,71,-15.00,-20.83,-30.30
789220,"Atlas Stores","Surat",799,72.34,59.57,39.80,91,76,69,-18.66,-16.43,-29.20
789221,"Atlas Stores","Ahmedabad",847,71.31,59.98,39.32,85,80,68,-13.69,-20.02,-28.68
789202,"Rel Fresh","Ahmedabad",843,73.07,60.62,40.33,85,81,69,-11.93,-20.38,-28.67
789720,"Logic Stores","Surat",840,70.48,59.52,37.98,86,77,66,-15.52,-17.48,-28.02
789603,"Info Stores","Vadodara",842,71.14,62.59,41.33,92,75,69,-20.86,-12.41,-27.67
789721,"Logic Stores","Ahmedabad",836,71.17,60.77,39.59,89,75,67,-17.83,-14.23,-27.41
789303,"Expression Stores","Vadodara",820,70.49,63.54,41.59,88,78,69,-17.51,-14.46,-27.41
789401,"Propel Mart","Surat",810,72.84,58.77,39.63,85,79,67,-12.16,-20.23,-27.37
789403,"Propel Mart","Vadodara",791,74.08,61.31,42.48,86,79,68,-11.92,-17.69,-25.52
789703,"Sorefoz Mart","Vadodara",829,73.70,60.80,41.13,85,78,66,-11.30,-17.20,-24.87
